6 0 5 0,1,3000 0,2,2000 1,0,1300 1,3,-2195 1,4,0 2,1,445 3,1,2900 3,5,500 4,0,2300 4,1,1000 4,2,1200 4,3,1800 5,0,0 5,2,1250
3 0 2 0,1,1 1,0,-2 1,2,1
19 0 18 10,1,4055 7,11,1278 9,17,4334 1,5,1754 4,17,3024 0,12,106 10,15,-3822 14,1,491 17,5,2078 13,2,338 10,6,2106 13,4,4159 1,13,1081 12,7,2170 5,14,1137 6,0,2484 10,0,833 4,2,3282 14,18,2407 1,3,4973 0,16,4060 16,2,4267 2,3,440 2,12,4106 0,15,2458 16,6,3616 1,17,2423 10,11,2109 15,1,1387 0,13,44 8,9,2441 8,6,2165 2,1,83 17,13,2643 1,16,1580 13,15,2222 5,9,-1311 4,10,2973 0,3,3500 16,10,3292 10,9,4714 16,4,4962 7,2,476 16,14,3920 11,17,2752 3,5,2587 5,10,267 5,0,4135 7,4,1630 11,4,3737 3,13,3932 7,17,1589 1,9,774 18,12,2798 17,12,4385 16,17,2447 12,9,2704 2,0,3111 12,14,4041 2,14,4357 14,7,2220 3,9,3789 2,17,4516 15,14,652 7,6,2595 1,0,3999 16,18,2421 8,10,3954 7,8,699 12,13,4378 18,7,3699 13,7,1062 16,3,2937 5,18,1382 1,4,785 2,5,2624 16,8,4293 4,8,3626 11,13,4482 13,14,3619 15,17,3923 12,11,1673 10,17,3096 8,5,2640 6,3,2497 8,14,3929 8,18,4543 8,13,3535 6,18,3139 4,12,309 14,17,1289 18,4,-2060 15,8,2329 11,3,519 5,6,2113 6,1,1148 14,9,778 15,4,738 14,6,2350 11,8,4773 3,7,2018 12,5,2523 12,1,2748 18,0,3958 8,0,3344 14,4,2070 16,5,4367 16,11,1627 1,8,177 15,11,-3402 18,17,2842 7,9,719 16,15,3240 17,8,1440 17,6,-4348 3,15,4862 6,4,3136 16,9,3754 12,6,4664 6,9,3175 18,3,3888 8,12,2023 10,12,3607 17,0,501 15,9,1694 8,3,801 10,14,1480 7,0,920
10 0 9 1,5,4732 0,7,4722 4,8,346 7,2,-4043 1,9,1629 1,8,353 9,5,25 2,5,4458 6,1,1295 0,9,4617 8,3,4451 8,5,4541 7,5,894 7,3,1306 9,8,4003 8,7,2427 2,3,338 0,8,1383 6,7,2185 9,7,14 3,6,1451 6,4,2872
14 0 13 2,7,2527 13,6,3431 6,11,2156 10,13,4094 9,2,3163 10,11,2612 5,2,704 0,6,2827 7,9,3939 1,13,4315 9,12,4152 5,10,4983 3,12,1847 8,4,1015 0,9,1887 7,0,689 4,0,3171 8,1,3617 12,1,3375 2,8,1752 9,6,1459 0,8,4765 5,12,2162 4,2,3213 2,11,7 7,6,3337 6,10,1172 13,7,2201 3,6,2031 2,10,359 4,1,173 9,13,3664 5,8,3431 2,3,3738 5,1,1731 10,9,2081 0,12,2846 0,13,2855 9,11,273 7,1,496 2,13,441 7,12,3185 11,7,775 4,9,699 7,10,205 3,9,2470 9,1,1763 12,8,2840 11,3,3303 8,10,4022 4,3,3630 0,2,816 2,1,847 11,12,350 3,1,2384 4,13,1372
17 0 16 2,4,778 1,16,4409 7,2,1898 12,8,3321 7,16,-4453 1,2,692 11,14,-480 2,6,3630 15,6,736 15,5,4815 7,6,2198 7,14,1408 5,8,3945 3,4,2800 7,13,3036 3,9,-2632 5,13,3913 4,8,3775 13,2,2647 10,1,562 10,7,2517 15,2,3361 11,8,3908 15,12,3511 14,0,3016 6,1,227 2,0,4967 3,13,2182 11,1,3125 13,6,2216 14,6,3907 8,6,2844 1,13,380 9,6,3807 6,11,238 12,5,2236 16,9,2466 12,9,1029 4,15,1184 3,5,-4748 4,11,3724 2,3,4654 10,6,3967 11,9,4319 12,13,4458 12,4,1845 10,4,2316 10,9,964 12,0,1285 10,14,1798 8,7,4696 4,5,523 16,5,227 6,5,4572 0,15,994 0,7,4156 16,10,3490 1,12,263 12,10,3890 7,9,312 8,9,889 9,1,214 2,8,4397 15,14,4436 3,0,1478 6,0,3371 3,15,3141 13,8,4958 5,0,4840 10,2,3986 4,16,4289 1,5,3635 14,9,4470 14,5,3342 12,14,1795 14,1,461 7,3,4626 13,11,3110 7,11,355 15,13,-3373 11,5,623 1,8,3694 13,10,2917 2,11,1870 2,14,2524 14,4,4194 8,0,222 1,0,1119 14,8,1828 0,13,4165 12,11,3771 1,4,4244 3,8,1242 1,15,802 11,10,2311
9 0 8 5,8,61 0,6,50 0,7,3931 1,8,4183 5,3,3049 3,0,186 5,0,1160 8,4,2149 6,2,4586 7,8,3140 6,5,1109 6,1,3890 2,4,1860 1,2,3272 1,3,1774 2,0,3216 3,8,4511 4,3,1983 4,6,-1799 2,5,3811 4,7,2771 6,3,2560 7,2,4307 7,5,2284 1,7,1476 0,4,3930 3,7,113 5,1,3405
15 0 14 13,14,3756 7,4,674 7,5,4800 9,3,3310 4,10,1333 5,2,3191 10,9,3822 12,5,3845 12,3,2705 1,10,910 0,3,160 5,4,3368 5,9,3251 3,5,4277 4,14,833 2,13,454 7,3,4779 1,0,664 12,10,2140 8,4,4062 2,0,3755 13,4,2042 2,1,445 7,12,2424 2,3,4170 13,3,3859 3,1,3501 11,5,1299 14,0,2581 12,1,2714 11,0,1589 14,10,4551 1,11,1073 0,4,1303 0,9,4994 7,0,4368 14,5,3089 8,1,1694 12,0,1102 6,14,3968 0,6,4114 12,4,3461 13,12,1832 12,11,595 8,2,839 14,8,2537 9,13,3903 14,12,390 7,13,457 3,11,1647 0,5,2955 9,11,88 4,3,3519 6,4,807 10,2,1945 11,2,2066 4,11,1020 11,8,2875 3,8,420 2,4,4020 6,1,954 7,9,2149 10,3,4774 7,1,4636 3,14,4409 6,3,448 1,13,1894 6,2,4049 6,5,2626 1,9,2425 6,10,3878 0,8,3965 5,8,4655 2,12,436 2,9,2083 7,11,1671 7,8,4123
15 0 14 1,6,90 8,0,1454 9,13,1244 3,10,1724 2,10,3222 1,12,3833 13,12,1487 0,9,4612 8,12,2271 0,12,4578 9,1,906 4,13,1113 8,6,2249 12,10,1461 9,5,1512 12,5,234 9,10,33 7,13,4720 10,8,3467 5,13,3153 14,2,1876 10,4,617 1,13,2309 1,3,4686 2,13,2084 6,5,264 9,14,-3296 0,13,3885 4,0,3060 6,13,2399 7,3,24 5,4,4003 2,6,4541 14,10,4973 6,11,1902 2,8,874 12,7,4530 11,14,3969 1,5,212 8,13,4553 5,10,1216 12,2,2388 6,4,1785 10,13,920 11,2,4685 12,9,4218 3,11,4944 11,13,252 3,5,102 0,14,1823 2,9,2024 13,3,983 6,12,1923 12,4,992 7,9,4526 14,13,438 4,9,3282 8,5,2451 10,7,2997 11,12,4040 14,6,3893 3,14,3112 0,7,1015 1,7,3596 3,4,4822 10,1,1593 14,7,4547 10,6,2001 11,10,2892 5,2,2073 2,4,1673 0,1,4109
13 0 12 10,3,-169 9,10,2076 11,0,708 6,1,1179 9,6,759 0,2,2076 4,12,400 8,4,854 10,5,1167 12,1,-2117 1,8,4964 3,6,1712 1,3,-1306 1,2,2592 5,1,269 4,2,902 8,6,4946 4,0,2204 4,5,3097 10,6,564 5,7,689 7,12,170 8,10,2569 10,4,3938 9,2,2978 6,5,685 1,11,2086 7,1,1604 4,1,2184 7,9,4372 12,11,2061 11,8,442 9,8,1991 6,7,3274 0,9,2928 3,9,4204 1,0,3049 12,10,2180 10,7,863 2,10,1993 4,3,3 10,11,4560 11,5,4808
9 0 8 6,8,3333 1,4,2937 7,8,4378 2,3,4388 7,3,4987 2,4,3061 1,8,670 2,0,1865 7,2,1253 8,3,4470 8,5,3340 0,8,2639 7,1,2005 6,3,214 7,6,3885 2,8,4542 5,3,1614 2,1,922 3,4,2769 1,0,3483 0,3,775 6,1,-2788 0,7,301 1,3,3758 1,5,4770 2,6,4193 0,4,3577 4,8,393
13 0 12 7,11,550 9,3,3319 0,1,4476 1,3,2395 12,9,3938 9,11,4411 0,9,4382 12,0,2162 2,10,1149 10,0,1800 1,12,4836 6,2,-660 12,4,4265 10,6,4251 8,3,1305 8,9,1712 11,12,4380 7,3,3051 8,1,3392 8,0,3813 2,11,4419 6,7,4880 4,11,1624 9,7,-4582 5,10,1948 3,11,1533 12,8,603 3,4,2118 8,2,4179 2,4,4255 10,11,-1572 7,0,3812 5,1,1786 6,3,2305 8,7,3042 3,10,539 1,4,1213
